Some Table
+0.56760000e+000	 	 +0.00000000e+000	 	 +0.43440000e+000	 	 +0.23440000e+000	 	 +0.545600000e+000	 	 +0.00000000e+000	 	 +0.56220000e+000	 	 

Another Table
+1.00000000e+000	 	+1.44500000e+000	 	+1.1890000e+000	 	+1.00000000e+000	 	+1.00000000e+000	 	+1.00000000e+000	 	+1.00000000e+000	 	+1.00000000e+000	 	+1.00000000e+000	 	+1.00000000e+000	 	

Start Data: 2019-05-22 11:23:20 640 ms

Time	 Variab1e1	 Variable2	 Variable3	 Variable4	 Variable5	 v6	 v7	 v8	 v9	 v10	 v11	 v12	 v13	 v14	 v15	 v16	 v17	 v18	 v19 	 		 
+0.00000000e+000 	+3.04142181e-002 	+0.00000000e+000 	+1.38380849e+000 	+0.00000000e+000 	+1.38999999e+000 	+0.00000000e+000 	+0.00000000e+000 	+0.00000000e+000 	+1.90918652e+003 	+0.00000000e+000 	+5.60000002e-001 	+0.00000000e+000 	+7.58099976e+002 	+0.00000000e+000 	+0.00000000e+000 	+0.00000000e+000 	+1.50000000e+001 	+0.00000000e+000 	+0.00000000e+000 	
+1.00000000e+000 	+1.96144191e-001 	+1.00000000e+000 	+7.66026180e+000 	+1.00000000e+000 	+1.38999999e+000 	+1.00000000e+000 	+0.00000000e+000 	+1.00000000e+000 	+3.60721497e+002 	+1.00000000e+000 	+5.60000002e-001 	+1.00000000e+000 	+7.58879976e+002 	+1.00000000e+000 	+0.00000000e+000 	+1.00000000e+000 	+1.50000000e+001 	+1.00000000e+000 	+0.00000000e+000 	
+2.00000000e+000 	+3.75599731e-001 	+2.00000000e+000 	+1.53567257e+001 	+2.00000000e+000 	+1.38999999e+000 	+2.00000000e+000 	+0.00000000e+000 	+2.00000000e+000 	+2.59703418e+002 	+2.00000000e+000 	+5.60000002e-001 	+2.00000000e+000 	+7.57750000e+002 	+2.00000000e+000 	+0.00000000e+000 	+2.00000000e+000 	+1.50000000e+001 	+2.00000000e+000 	+0.00000000e+000
